[9614, 10001]
[8740, 9813]
[8082, 9785]
[8283, 9781]
[8503, 9973]
[9686, 9857]
[8189, 9785]
[6214, 9919]
[9619, 10054]
[7854, 9953]
[7792, 10005]
[8871, 9822]
[8629, 9859]
[8128, 9808]
[9651, 10031]
[9341, 9959]
[7442, 9798]
[7462, 9992]
[7009, 9973]
[8830, 10054]
[7317, 9903]
[7149, 9870]
[6470, 9992]
[7439, 10062]
[6622, 9798]
[6856, 9808]
[7842, 9808]
[7809, 9876]
[7242, 9880]
[6361, 9808]
[8771, 9808]
[6767, 10062]
[8743, 10055]
[6161, 9938]
[9054, 9798]
[8761, 9808]
[7780, 10036]
[7614, 9973]
[7526, 9785]
[7620, 9808]
[8095, 10072]
[8551, 9972]
[7840, 9808]
[6985, 10044]
[9073, 9781]
[9446, 9798]
[6624, 9777]
[7158, 9871]
[6073, 9798]
[6738, 9777]
[7701, 9973]
[9604, 9808]
[6836, 9789]
[9242, 9808]
[7940, 9813]
[8964, 9808]
[7301, 9798]
[9194, 9981]
[7894, 9813]
[9654, 9959]
[7391, 9808]
[7315, 9973]
[8890, 9785]
[7167, 9973]
[7746, 10020]
[8077, 9808]
[8173, 9785]
[9215, 9973]
[8194, 9889]
[6951, 10054]
[6097, 9781]
[8562, 9971]
[8295, 9798]
[8801, 9781]
[8390, 10020]
[6117, 10036]
[9201, 9808]
[6204, 9959]
[8399, 9808]
[6873, 9927]
[8021, 9808]
[7802, 9808]
[8451, 9781]
[6623, 9798]
[7632, 9982]
[6192, 9789]
[7659, 9973]
[7489, 9865]
[7756, 9808]
[9724, 9959]
[6630, 9785]
[8657, 9808]
[8484, 9865]
[7379, 9973]
[7607, 9808]
[7929, 9865]
[8748, 10036]
[8891, 9959]
[6257, 9973]
[8371, 9973]
[8818, 9992]
[6736, 9973]
[7186, 9798]
[9067, 9781]
[8147, 9828]
[6689, 10036]
[8242, 9993]
[9450, 9959]
[9571, 9948]
[7730, 9981]
[9725, 9808]
[6411, 10036]
[7156, 9792]
[6583, 9785]
[7125, 9973]
[6572, 9808]
[7291, 9808]
[8583, 9785]
[8772, 9984]
[9434, 9808]
[9689, 9973]
[7653, 9813]
[7845, 9808]
[7541, 10036]
[8394, 9785]
[6585, 9808]
[6276, 9798]
[7228, 9992]
[9240, 9781]
[8659, 10036]
[6457, 9973]
[8525, 10036]
[9111, 10036]
[7865, 9808]
[9274, 9928]
[6393, 9798]
[7202, 9973]
[7982, 9808]
[8553, 9973]
[7658, 10054]
[7634, 9919]
[9317, 9808]
[8633, 9808]
[9257, 9870]
[7193, 9808]
[9035, 9951]
[8498, 9854]
[7818, 9965]
[7588, 9808]
[9334, 10072]
[7052, 9973]
[6721, 9807]
[8819, 9919]
[8055, 9808]
[7970, 9978]
[8117, 10070]
[9477, 10036]
[7030, 10059]
[7805, 9949]
[7313, 9865]
[9365, 9781]
[8970, 9808]
[6386, 10016]
[6816, 9862]
[6146, 9857]
[8696, 9973]
[6534, 9788]
[9439, 9974]
[7169, 9973]
[8790, 9808]
[7221, 9973]
[6792, 9854]
[6060, 9973]
[8794, 9798]
[6058, 9973]
[7077, 9831]
[9676, 9798]
[6519, 9992]
[9539, 9808]
[9164, 10020]
[7685, 9973]
[8274, 9973]
[8869, 9854]
[9021, 9973]
[6815, 9992]
[9623, 9808]
[7209, 10036]
[7424, 9808]
[8444, 9808]
[6355, 10005]
[8373, 9932]
[8737, 9808]
[7554, 9869]
[7552, 9971]
[7407, 9992]
[7481, 9808]
[6151, 9798]
[8103, 9973]
[7358, 10054]
[7743, 9781]
[6629, 10036]
[7866, 9798]
[6866, 10044]
[9059, 9808]
[9469, 9950]
[9740, 9808]
[8924, 9973]
[7406, 9808]
[9294, 9808]
[8374, 9798]
[8312, 9973]
[8207, 9959]
[7151, 9781]
[9162, 9808]
[6114, 9854]
[9489, 9798]
[6992, 9973]
[7308, 10005]
[9428, 9959]
[8862, 9992]
[9396, 10054]
[7553, 9973]
[9369, 9959]
[8800, 9959]
[6653, 9973]
[7142, 9781]
[6813, 9808]
[7631, 9973]
[6713, 9781]
[8473, 9785]
[7295, 9785]
[7351, 9919]
[8824, 10043]
[7413, 9992]
[9245, 9882]
[6464, 9971]
[9419, 9973]
[8656, 9859]
[8468, 10024]
[8245, 10036]
[6352, 9842]
[6780, 9973]
[9511, 9798]
[8097, 9789]
[8975, 10054]
[7681, 9785]
[6981, 9800]
[6415, 9808]
[8643, 9973]
[8840, 9873]
[8220, 10004]
[7455, 9830]
[8680, 9870]
[9022, 9975]
[7880, 9808]
[8905, 9882]
[8684, 9808]
[6449, 9808]
[8487, 9798]
[7223, 10069]
[6227, 9973]
[7501, 9808]
[8704, 9808]
[9633, 9798]
[8127, 9808]
[7853, 9808]
[6628, 9800]
[6272, 9973]
[7531, 9973]
[9425, 9785]
[9721, 9808]
[7194, 9973]
[7888, 9808]
[8827, 9959]
[6365, 9808]
[8849, 9808]
[9184, 10024]
[8136, 9788]
[6297, 9785]
[9563, 9865]
[8458, 9785]
[6295, 10024]
[6142, 9992]
[7410, 10056]
[8939, 10074]
[6138, 9785]
[6752, 9785]
[8666, 10024]
[6095, 9808]
[7364, 9973]
[6962, 9808]
[6798, 9808]
[9291, 9798]
[6811, 9798]
[6434, 10057]
[7939, 9781]
[9179, 9973]
[8556, 9808]
[8688, 9808]
[7953, 9808]
[9048, 9808]
[7483, 9973]
[7741, 10071]
[9558, 9973]
[8418, 9859]
[7484, 9808]
[6517, 10054]
[8882, 9974]
[7474, 9935]
[7145, 9808]
[9691, 9992]
[7082, 9847]
[8402, 9808]
[6057, 9781]
[8436, 9973]
[7387, 9973]
[8449, 9808]
[6768, 9956]
[8030, 9854]
[8041, 9974]
[6999, 9822]
[8084, 9808]
[6353, 9932]
[7485, 9973]
[7589, 9808]
[6492, 10004]
[7557, 10072]
[7105, 9808]
[8520, 10020]
[7212, 9785]
[8653, 9982]
[8813, 9808]
[6602, 9785]
[8946, 9897]
[7507, 9973]
[6318, 9781]
[6978, 9971]
[6860, 9808]
[9298, 9973]
[9186, 9953]
[7915, 10075]
[7297, 10005]
[6800, 9973]
[7858, 10059]
[6731, 9808]
[6140, 9789]
[8314, 10039]
[8400, 9785]
[9232, 9808]
[7360, 10005]
[7776, 9856]
[9280, 9798]
[6100, 9820]
[8474, 10036]
[8542, 9964]
[9028, 9808]
[7350, 9854]
[9263, 9969]
[6568, 9863]
[6174, 9808]
[7099, 9973]
[7074, 9781]
[9225, 9781]
[7684, 9992]
[8257, 9789]
[7210, 9808]
[7697, 9865]
[9233, 10059]
[8997, 9785]
[6437, 9976]
[7717, 9998]
[7949, 9808]
[6418, 9800]
[8133, 9950]
[7762, 10054]
[6894, 9808]
[8072, 9808]
[9008, 9856]
[7453, 9808]
[9228, 9951]
[9315, 9903]
[8297, 10024]
[8726, 9919]
[8973, 10054]
[8716, 10054]
[8171, 9808]
[9437, 9854]
[7587, 10036]
[7482, 9865]
[9000, 9973]
[9454, 10036]
[8550, 9976]
[8960, 9808]
[6793, 10071]
[8421, 9808]
[6891, 9808]
[9616, 9973]
[7563, 9973]
[6158, 9808]
[7312, 9973]
[6739, 9973]
[7849, 9977]
[8913, 9950]
[8636, 9785]
[6145, 9808]
[6698, 9973]
[7808, 9856]
[9652, 9919]
[7980, 9992]
[8727, 9865]
[6852, 9808]
[8327, 9798]
[6102, 10003]
[9235, 10066]
[6116, 9808]
[6706, 9973]
[8025, 9808]
[6753, 10024]
[7787, 10037]
[8755, 9973]
[8914, 9948]
[8835, 9873]
[9488, 9959]
[8524, 9973]
[6205, 9856]
[9068, 9808]
[7378, 9785]
[9190, 9973]
[8906, 9976]
[8423, 10036]
[6658, 9785]
[8954, 9973]
[7366, 9798]
[6700, 9785]
[6511, 9808]
[7498, 9973]
[6665, 9781]
[6237, 9984]
[8145, 9808]
[6735, 9973]
[8505, 9959]
[8330, 9862]
[7246, 9808]
[8307, 9865]
[8099, 9779]
[6440, 10054]
[6988, 9973]
[7488, 9798]
[7810, 10044]
[7168, 9870]
[6542, 9832]
[6429, 9993]
[7665, 9943]
[7241, 9973]
[8058, 9785]
[6535, 9798]
[6640, 9973]
[6099, 9785]
[6503, 9781]
[7225, 9807]
[8552, 9865]
[7583, 9808]
[7365, 9781]
[7736, 9808]
[6790, 9973]
[7831, 10054]
[7264, 9974]
[7770, 9959]
[6350, 9992]
[6750, 9808]
[6397, 9919]
[6680, 9856]
[8063, 9973]
[7368, 10037]
[7259, 9808]
[6716, 9973]
[6587, 9992]
[9634, 9808]
[9366, 9894]
[7331, 9972]
[9316, 9865]
[6844, 9808]
[6854, 10005]
[8856, 9785]
[9018, 9798]
[8407, 9785]
[8405, 9973]
[8900, 9808]
[6343, 9831]
[7226, 9808]
[6842, 9976]
[9273, 9973]
[8548, 9808]
[6194, 9928]
[8637, 9808]
[7428, 9798]
[7373, 9808]
[6273, 9928]
[9745, 9932]
[7278, 9979]
[6673, 9973]
[9304, 9808]
[9286, 9966]
[8868, 9877]
[9081, 9973]
[8419, 10020]
[7774, 9973]
[7643, 9777]
[7669, 9928]
[9505, 9808]
[6289, 9808]
[7731, 9808]
[6139, 9808]
[8760, 10072]
[7721, 9808]
[8560, 9808]
[7144, 9808]
[6414, 9882]
[9211, 10011]
[7298, 10054]
[7119, 9798]
[9590, 9808]
[9004, 9808]
[7708, 9781]
[6805, 9808]
[6071, 9785]
[7664, 9992]
[9146, 10027]
[6734, 9973]
[9456, 9782]
[6926, 10054]
[8967, 9808]
[7214, 9836]
[9664, 9953]
[8993, 10054]
[6282, 10036]
[8632, 9785]
[8019, 9799]
[7441, 10000]
[6188, 9950]
[9594, 9992]
[9460, 9885]
[8164, 10036]
[7564, 9808]
[7138, 9983]
[8093, 9973]
[7211, 9808]
[8197, 9992]
[8985, 9781]
[8029, 9808]
[6143, 9973]
[6433, 9854]
[8622, 9785]
[7724, 9808]
[7959, 9781]
[9655, 9789]
[6914, 9781]
[9661, 9808]
[8931, 9808]
[7359, 9808]
[9154, 9781]
[8278, 9789]
[6703, 9973]
[7690, 9919]
[7548, 9981]
[6855, 9992]
[8838, 9808]
[7019, 10036]
[8845, 9973]
[8184, 9781]
[7023, 9808]
[7857, 9973]
[7700, 9789]
[6082, 9782]
[9259, 9961]
[6400, 9788]
[8522, 9837]
[6479, 10056]
[7377, 9874]
[6299, 9959]
[9618, 9964]
[7128, 9964]
[7010, 9859]
[7793, 9785]
[8060, 9973]
[6745, 9950]
[7374, 9992]
[6636, 9808]
[8855, 10036]
[9342, 9973]
[9191, 9798]
[8076, 9854]
[7972, 9808]
[9667, 9870]
[6157, 9919]
[6215, 9846]
[8087, 9962]
[6937, 9973]
[8370, 9798]
[6890, 9959]
[8798, 9808]
[9172, 9859]
[6903, 9808]
[7788, 9785]
[7337, 9973]
[9735, 9808]
[9403, 9876]
[7909, 10056]
[6375, 9973]
[7409, 9959]
[6233, 9959]
[8227, 9798]
[8763, 9964]
[8711, 9850]
[6561, 9973]
[9377, 9973]
[7769, 9781]
[9156, 9973]
[7750, 9876]
[8601, 9973]
[6772, 9959]
[8988, 9973]
[8999, 9808]
[8181, 9973]
[6728, 9973]
[9346, 9808]
[8828, 10072]
[6043, 9952]
[6516, 9781]
[9023, 9808]
[6984, 9973]
[8276, 9852]
[7018, 9905]
[6455, 9973]
[9646, 9973]
[6244, 9781]
[9148, 9808]
[6756, 9777]
[6899, 9808]
[8066, 9964]
[8887, 9992]
[8836, 9973]
[8324, 9973]
[8843, 9850]
[7558, 9808]
[7075, 10054]
[7300, 9808]
[9079, 9808]
[9118, 9808]
[9416, 9873]
[7637, 9808]
[6325, 9909]
[6277, 9880]
[9555, 9959]
[7668, 9808]
[6486, 9991]
[6266, 9792]
[6974, 9891]
[8812, 9808]
[7165, 9808]
[6562, 9798]
[6737, 9881]
[8681, 9876]
[7231, 9785]
[9001, 9788]
[7910, 10054]
[8011, 10004]
[7580, 9992]
[8932, 9798]
[9130, 9808]
[8588, 9973]
[8534, 9808]
[6448, 9808]
[9663, 9808]
[7123, 10044]
[9576, 9973]
[8208, 9808]
[7141, 9815]
[8384, 9785]
[7070, 9859]
[7340, 9973]
[8301, 9919]
[9354, 9808]
[6641, 9950]
[8137, 9808]
[9112, 9792]
[7033, 9973]
[7837, 9873]
[8057, 9973]
[7267, 9887]
[7329, 10036]
[7496, 9800]
[8615, 9973]
[9465, 9808]
[8645, 9973]
[6870, 9808]
[6643, 9808]
[7448, 10004]
[9196, 9792]
[8053, 9953]
[9487, 9973]
[6928, 9822]
[6971, 9833]
[6167, 9976]
[9276, 10007]
[6747, 10071]
[8131, 9973]
[7679, 9808]
[7751, 9784]
[8536, 10019]
[9726, 9973]
[6270, 9788]
[8475, 9808]
[7796, 9796]
[7974, 9973]
[8950, 9781]
[8165, 9919]
[7623, 9882]
[8033, 10036]
[9414, 9808]
[9333, 9808]
[6354, 10036]
[7878, 9850]
[6717, 9851]
[6283, 10058]
[7868, 9808]
[6104, 9798]
[7081, 9781]
[7826, 9808]
[6651, 9808]
[9431, 10036]
[8280, 9781]
[8235, 9808]
[7101, 9854]
[7398, 9781]
[6045, 9808]
[9693, 9798]
[9463, 9918]
[8663, 9808]
[6645, 9992]
[9566, 9964]
[8320, 9973]
[8363, 9973]
[8504, 9865]
[6477, 10036]
[6522, 9895]
[6663, 9808]
[8340, 9808]
[8941, 10036]
[7197, 10038]
[9441, 9808]
[9329, 9808]
[6977, 9953]
[8163, 9822]
[9229, 9981]
[7250, 9789]
[7115, 9798]
[6906, 9876]
[9682, 9785]
[6092, 9808]
[8595, 9808]
[6702, 9785]
[6551, 9919]
[6667, 10044]
[7429, 9935]
[7181, 9973]
[6557, 9973]
[6463, 9808]
[7467, 9809]
[9017, 9973]
[6609, 9808]
[7824, 9876]
[8517, 9808]
[7745, 9808]
[8639, 9808]
[6775, 9808]
[9474, 9919]
[7859, 9810]
[7083, 9973]
[6186, 9808]
[6711, 9959]
[6550, 9973]
[8465, 9973]
[7640, 9808]
[8972, 9953]
[6954, 9789]
[6704, 10005]
[6223, 9865]
[7349, 9973]
[6251, 9854]
[7822, 9854]
[9432, 9808]
[8040, 9808]
[9519, 9808]
[8675, 9781]
[6310, 9808]
[6127, 9930]
[6115, 10024]
[6980, 9808]
[8346, 9785]
[9700, 9808]
[9559, 9808]
[7160, 9972]
[9060, 10036]
[8096, 9973]
[7533, 9865]
[8513, 9808]
[9706, 9973]
[8809, 9781]
[6789, 9808]
[7920, 10074]
[8621, 10058]
[7748, 9973]
[9132, 9792]
[9507, 9973]
[6829, 9808]
[9452, 10024]
[8947, 9808]
[7252, 10054]
[8062, 9808]
[9580, 9808]
[9337, 9854]
[7633, 10020]
[9643, 9789]
[8126, 9959]
[7135, 9808]
[6446, 9922]
[6685, 10054]
[8667, 9808]
[8576, 9859]
[7945, 9876]
[7514, 10071]
[6683, 10005]
[6762, 9808]
[7650, 9808]
[6420, 9808]
[6606, 10040]
[6134, 9785]
[7900, 10045]
[7892, 10045]
[6208, 9810]
[7492, 9798]
[9043, 10004]
[8563, 10004]
[8917, 9973]
[8124, 10004]
[8940, 9940]
[6468, 9959]
[7258, 9781]
[9728, 10058]
[7543, 9818]
[9462, 9951]
[8608, 9901]
[6438, 10045]
[7057, 9785]
[6963, 9785]
[9082, 9882]
[9212, 9920]
[7712, 9907]
[6201, 9951]
[8140, 9973]
[8168, 10019]
[7869, 9808]
[8691, 9970]
[9442, 10055]
[9214, 9808]
[6638, 9973]
[7856, 9834]
[9743, 9992]
[6571, 9778]
[9270, 10066]
[6326, 9876]
[8336, 9782]
[8788, 9973]
[6392, 9810]
[7651, 9785]
[6594, 9785]
[8048, 9920]
[8661, 9781]
[8138, 10044]
[9104, 9851]
[9058, 9945]
[7801, 9798]
[7216, 9808]
[7372, 9940]
[8876, 9966]
[6923, 9973]
[8361, 9808]
[6732, 9808]
[9600, 9852]
[6546, 9973]
[6920, 9995]
[8953, 9808]
[8883, 9808]
[9332, 9973]
[7997, 9798]
[6886, 9808]
[7417, 9894]
[9638, 9808]
[6845, 10024]
[6050, 9808]
[8918, 10024]
[9150, 9920]
[6527, 9950]
[6383, 9992]
[9271, 9808]
[6576, 9950]
[6156, 9932]
[9075, 9892]
[6822, 9781]
[7176, 9808]
[9367, 9808]
[9530, 9808]
[6595, 9798]
[7393, 9810]
[6960, 9985]
[6596, 9852]
[7851, 9808]
[7137, 10054]
[8995, 9808]
[6197, 9808]
[6559, 9781]
[7173, 10036]
[8309, 9919]
[9031, 9798]
[9362, 9781]
[6900, 9808]
[8167, 9953]
[8676, 10072]
[8572, 9992]
[6113, 9808]
[9260, 9808]
[7041, 9824]
[7941, 9959]
[9703, 10051]
[7497, 9792]
[7385, 9792]
[6175, 9973]
[7011, 9959]
[6537, 9865]
[7122, 9789]
[7032, 9808]
[8936, 10022]
[7827, 9950]
[6459, 9813]
[9674, 9789]
[7606, 10053]
[8786, 9882]
[8120, 9882]
[7394, 9938]
[7942, 9919]
[7342, 9789]
[9138, 9919]
[7885, 9929]
[8870, 9994]
[6779, 9973]
[8613, 9789]
[6066, 9964]
[7981, 9859]
[8911, 9964]
[7682, 9859]
[7466, 9882]
[7187, 9808]
[8142, 9799]
[7450, 9964]
[6924, 9911]
[6061, 9906]
[9230, 9964]
[9427, 9859]
[8116, 9792]
[9030, 9920]
[8927, 9865]
[7361, 9788]
[8796, 9808]
[7698, 10036]
[9188, 9808]
[7411, 9808]
[9252, 9973]
[9410, 9798]
[8570, 9808]
[7272, 9798]
[7263, 9865]
[9512, 10044]
[8516, 9891]
[8594, 9808]
[6993, 10024]
[9536, 9808]
[7781, 9992]
[9206, 9808]
[8604, 9940]
[6367, 9808]
[9020, 9798]
[7183, 9781]
[9504, 10024]
[8892, 9808]
[9301, 9808]
[6338, 10001]
[8428, 9940]
[8612, 9940]
[7412, 10025]
[8963, 9847]
[9435, 9851]
[7270, 9985]
[9732, 10060]
[6286, 9992]
[8872, 9873]
[8582, 9807]
[8874, 9973]
[8860, 9973]
[7645, 9810]
[7984, 9808]
[6090, 9810]
[8934, 10024]
[6348, 9982]
[6331, 10004]
[7254, 9920]
[7761, 10045]
[8202, 9777]
[6191, 10072]
[6368, 9973]
[8753, 10004]
[8203, 9971]
[8157, 9951]
[9599, 9808]
[8075, 9808]
[6047, 9989]
[9266, 9973]
[6098, 9808]
[8994, 9937]
[6826, 9937]
[9133, 10054]
[6742, 9808]
[6169, 9808]
[6718, 9854]
[7967, 9973]
[8533, 10036]
[6278, 9928]
[8047, 9973]
[9670, 9808]
[7094, 9781]
[7937, 9808]
[9256, 9808]
[8366, 9838]
[7686, 9808]
[7693, 9808]
[6074, 9808]
[8355, 10036]
[9459, 9808]
[6403, 9973]
[6828, 9931]
[6972, 9930]
[8378, 9854]
[6787, 9930]
[6821, 9854]
[7670, 9808]
[6072, 9808]
[9310, 9781]
[9185, 9928]
[8433, 9973]
[8702, 9973]
[9222, 10036]
[7876, 9808]
[8574, 9808]
[7279, 10036]
[6149, 10036]
[8808, 10036]
[9098, 9884]
[9284, 9891]
[8511, 9808]
[9553, 9784]
[7509, 9815]
[7053, 10019]
[9402, 10019]
[6255, 9973]
[7029, 9808]
[9471, 9973]
[7420, 9808]
[8749, 9808]
[8767, 9959]
[8376, 9973]
[6539, 9854]
[8219, 10036]
[9103, 10054]
[6321, 9973]
[9187, 10005]
[8249, 9808]
[9620, 9973]
[6969, 9873]
[6280, 9808]
[6271, 9808]
[8313, 10072]
[9027, 9817]
[7451, 9973]
[7464, 10054]
[8837, 9951]
[8212, 9807]
[8852, 9808]
[8229, 9808]
[6324, 9808]
[8113, 9785]
[9089, 10036]
[8206, 9808]
[7747, 10036]
[6044, 10036]
[7775, 9808]
[9517, 9973]
[9591, 9843]
[9123, 9998]
[6794, 10044]
[9478, 9991]
[6077, 9912]
[6267, 9801]
[7276, 9973]
[7452, 9808]
[9448, 10040]
[9509, 10012]
[7334, 9991]
[8463, 9808]
[8631, 10072]
[8630, 9950]
[9727, 9790]
[6451, 10005]
[7943, 10004]
[9420, 10024]
[7578, 9835]
[9009, 9933]
[6216, 10055]
[7495, 10072]
[9438, 9865]
[9174, 10071]
[8064, 9878]
[8476, 9972]
[7239, 9993]
[6332, 9884]
[8377, 10072]
[9037, 9808]
[7783, 9785]
[9090, 9870]
[6603, 9808]
[6124, 9785]
[6642, 9808]
[9129, 9845]
[8243, 9993]
[7332, 10058]
[7215, 9973]
[9056, 9781]
[8427, 9808]
[7951, 9973]
[9176, 9788]
[9639, 9822]
[6439, 9993]
[9137, 9781]
[6835, 10005]
[9159, 9808]
[9398, 9808]
[6543, 9798]
[8160, 9815]
[9521, 9992]
[9065, 10072]
[6618, 9808]
[7744, 10063]
[7703, 10062]
[9272, 9851]
[6473, 9822]
[6725, 9807]
[6500, 9973]
[9166, 9854]
[6177, 9921]
[9413, 9815]
[6369, 9996]
[6788, 10040]
[7314, 10072]
[7059, 10006]
[6515, 9785]
[8141, 9950]
[8078, 9847]
[8441, 9808]
[8846, 9900]
[6377, 9873]
[9595, 9808]
[6765, 10072]
[8380, 9781]
[7414, 10073]
[8493, 10044]
[6096, 9781]
[7576, 10008]
[8448, 9822]
[7381, 9781]
[6125, 9808]
[8625, 9973]
[7905, 9964]
[6176, 9950]
[6997, 9901]
[8695, 9973]
[9200, 9798]
[9327, 10048]
[7566, 9934]
[9283, 9839]
[8789, 9798]
[9241, 10044]
[8462, 9973]
[6590, 9808]
[7303, 9807]
[7573, 9808]
[7881, 9798]
[8958, 9973]
[8178, 9968]
[6401, 10072]
[7431, 9808]
[7016, 9991]
[9649, 9808]
[7281, 9851]
[7599, 9863]
[8873, 9808]
[6049, 10062]
[9455, 9785]
[9323, 10036]
[7177, 9973]
[8951, 9808]
[9426, 9792]
[7610, 10036]
[7713, 9808]
[8023, 9973]
[6851, 9835]
[9476, 9854]
[6359, 9854]
[9157, 9854]
[8226, 9854]
[7108, 9854]
[7330, 9854]
[8443, 9854]
[8569, 9854]
[9422, 9854]
[7262, 9822]
[9011, 9854]
[9534, 10071]
[9628, 9854]
[6892, 9932]
[8291, 9816]
[8348, 9854]
[8086, 9854]
[8738, 10061]
[9308, 9854]
[8317, 9854]
[9394, 9854]
[7961, 9992]
[9356, 9847]
[9361, 9854]
[8059, 9854]
[9182, 9854]
[8091, 9854]
[9092, 9854]
[9672, 9854]
[7995, 9808]
[9653, 9777]
[6839, 9785]
[7045, 9808]
[7433, 10071]
[8293, 9974]
[9597, 9798]
[6238, 9959]
[8070, 10053]
[6936, 9808]
[8234, 10036]
[7877, 9808]
[6688, 9808]
[6199, 10054]
[6217, 9808]
[8787, 9808]
[6778, 9789]
[7463, 9959]
[6387, 9865]
[6610, 9974]
[8648, 9974]
[7556, 9974]
[7170, 9974]
[7790, 9974]
[6467, 9974]
[7404, 9965]
[7284, 9863]
[6808, 9863]
[8004, 9940]
[6666, 9940]
[9544, 9928]
[7529, 9976]
[8422, 9808]
[7846, 10054]
[9552, 9950]
[6656, 9816]
[8368, 9816]
[6258, 9816]
[6123, 9973]
[8152, 9825]
[9641, 9781]
[9399, 9798]
[8154, 9973]
[9153, 9781]
[9479, 10015]
[9119, 9808]
[8252, 9985]
[8319, 9808]
[6850, 9808]
[8778, 10024]
[7968, 9884]
[9401, 9808]
[6287, 10071]
[6896, 9896]
[6396, 9785]
[9029, 9781]
[9742, 9808]
[6107, 9808]
[6247, 9808]
[9498, 9973]
[8568, 9927]
[6616, 9971]
[9711, 9808]
[6885, 9808]
[8889, 10036]
[8005, 10036]
[7282, 10004]
[7155, 9808]
[9392, 9973]
[6526, 9897]
[6250, 9992]
[9343, 9808]
[7367, 10054]
[7569, 9992]
[7512, 9856]
[7649, 10054]
[9467, 9822]
[7519, 10054]
[8460, 9973]
[7154, 9808]
[6615, 9865]
[9720, 9973]
[6586, 9973]
[7989, 9785]
[8559, 9808]
[8318, 9973]
[8792, 9807]
[9542, 9973]
[7469, 9792]
[7734, 9973]
[8112, 9850]
[7604, 9785]
[7227, 9973]
[7629, 9785]
[6426, 9973]
[7562, 9785]
[9510, 9876]
[6911, 10004]
[8014, 9929]
[7821, 9973]
[8150, 9785]
[6133, 9852]
[6051, 9808]
[8733, 10024]
[9708, 9785]
[7538, 10036]
[7257, 9808]
[7190, 9777]
[6682, 9917]
[6509, 9789]
[7017, 9876]
[7615, 9781]
[8482, 9876]
[8986, 10059]
[6867, 10056]
[6770, 9781]
[9039, 9959]
[8271, 9852]
[8415, 9973]
[6150, 9808]
[7273, 9971]
[8065, 9957]
[9220, 9964]
[7157, 9973]
[7185, 9876]
[7423, 9973]
[7338, 10013]
[8652, 9798]
[6944, 10054]
[7200, 9798]
[8982, 9953]
[9173, 10058]
[7234, 9792]
[9716, 9876]
[7799, 9973]
[8944, 9808]
[7362, 10072]
[7958, 9808]
[7586, 9808]
[7908, 9808]
[9303, 9973]
[8198, 9973]
[7503, 9876]
[7988, 9959]
[7042, 9973]
[9072, 9973]
[9585, 9865]
[8841, 9808]
[8799, 9876]
[7253, 9808]
[9622, 9885]
[6660, 9821]
[6691, 9973]
[8700, 9976]
[7102, 9973]
[7100, 9808]
[6819, 9808]
[6054, 9973]
[6430, 9808]
[7540, 9808]
[6719, 9798]
[7031, 9973]
[9124, 9919]
[7934, 10058]
[8821, 9785]
[8216, 10005]
[7405, 9808]
[6182, 9930]
[6817, 9808]
[9624, 9973]
[9578, 9882]
[8555, 9808]
[9360, 9798]
[9629, 9785]
[6249, 9862]
[7928, 9953]
[7534, 9973]
[6111, 9798]
[8342, 9808]
[8866, 10059]
[6746, 9973]
[6967, 9973]
[9262, 9948]
[6181, 9808]
[7426, 9785]
[8209, 9977]
[8942, 9811]
[7830, 9808]
[8907, 9785]
[8305, 9991]
[7408, 9785]
[9265, 9808]
[7112, 9788]
[7671, 9876]
[7922, 9808]
[9378, 9808]
[8285, 9936]
[8642, 9973]
[7663, 9919]
[8610, 10033]
[8215, 10062]
[8356, 9973]
[9247, 9993]
[6469, 10044]
[6341, 9789]
[7515, 9776]
[7376, 10032]
[7766, 9930]
[8036, 9789]
[9135, 9785]
[9250, 9808]
[9531, 9862]
[8272, 9808]
[8863, 9941]
[6513, 9870]
[6552, 10054]
[7459, 9798]
[9400, 9817]
[7844, 9973]
[8669, 10020]
[8706, 9856]
[6979, 10055]
[7574, 10044]
[7962, 9865]
[6678, 9808]
[9070, 9865]
[6425, 9808]
[6206, 9973]
[6284, 9808]
[8332, 9973]
[8139, 9840]
[6364, 9967]
[7707, 9949]
[9071, 10072]
[7555, 9870]
[6243, 9808]
[6441, 9781]
[7536, 9854]
[6671, 9808]
[6757, 10004]
[6084, 10056]
[7836, 9999]
[7001, 9785]
[9363, 9781]
[9524, 9992]
[8256, 9785]
[6908, 9808]
[8807, 9808]
[6840, 9865]
[9372, 9798]
[6222, 9973]
[7594, 9973]
[7786, 9781]
[8686, 9798]
[7098, 9904]
[8273, 9806]
[8489, 9973]
[7510, 9777]
[6504, 9939]
[8268, 10036]
[9707, 9808]
[6617, 9808]
[6498, 10036]
[9359, 9954]
[8775, 9922]
[8782, 9854]
[9424, 9876]
[8028, 10036]
[9368, 9834]
[7371, 9808]
[7644, 9808]
[9345, 9992]
[8785, 9792]
[8736, 9973]
[9617, 9808]
[8901, 9973]
[6154, 9876]
[6888, 9928]
[7478, 9808]
[8288, 9876]
[8728, 10072]
[7296, 9792]
[7895, 9808]
[7182, 9808]
[8831, 9861]
[8069, 9777]
[7382, 10046]
[7189, 9973]
[9149, 9808]
[6373, 9973]
[7581, 9798]
[6198, 10044]
[9381, 9808]
[9613, 9861]
[6274, 9876]
[7328, 9876]
[6569, 9777]
[7140, 9865]
[8557, 9964]
[7999, 9894]
[7800, 9962]
[9168, 9932]
[7399, 9808]
[7813, 9808]
[8360, 9808]
[9115, 10072]
[8803, 9808]
[7795, 9781]
[9684, 9935]
[7196, 9973]
[6876, 9808]
[6462, 9789]
[8158, 9992]
[8773, 9793]
[8286, 9789]
[8379, 9876]
[9321, 9992]
[8581, 10071]
[9080, 9992]
[8523, 9808]
[8471, 9974]
[6088, 9798]
[7735, 10059]
[8269, 9808]
[8508, 9808]
[7040, 9808]
[6384, 9808]
[7456, 9808]
[7938, 10024]
[8797, 9808]
[9508, 9973]
[7565, 9942]
[7427, 9798]
[9105, 9781]
[8992, 9798]
[6634, 9831]
[8606, 9808]
[9572, 10036]
[8875, 9953]
[9458, 9973]
[7661, 9781]
[8395, 9926]
[7517, 9876]
[6635, 9994]
[8310, 9865]
[6869, 9973]
[9357, 9809]
[6235, 9876]
[8172, 9854]
[7964, 9808]
[7087, 9808]
[6514, 9810]
[7035, 9962]
[6567, 9977]
[8485, 9798]
[9160, 9865]
[9292, 9834]
[8250, 9854]
[6089, 9878]
[7833, 9928]
[8541, 9785]
[8406, 9986]
[6510, 10036]
[8715, 9785]
[6442, 10063]
[8105, 9781]
[8650, 10051]
[7401, 10036]
[9405, 9928]
[6360, 10024]
[8294, 9865]
[7875, 9973]
[6970, 9781]
[7397, 9808]
[8501, 9928]
[9545, 10036]
[7047, 9992]
[7067, 10024]
[8746, 10008]
[6883, 10024]
[7739, 9902]
[6625, 10053]
[7882, 9808]
[7872, 9908]
[7993, 9808]
[8049, 9808]
[9710, 9938]
[8134, 9808]
[7778, 9808]
[6938, 9781]
[7673, 10005]
[9468, 9808]
[9209, 9785]
[7889, 9789]
[9665, 9977]
[9277, 9928]
[8364, 9919]
[6347, 9868]
[9383, 9798]
[9564, 9973]
[8359, 9788]
[9647, 9928]
[8683, 10056]
[6795, 9959]
[7369, 9876]
[7559, 9808]
[6982, 9973]
[8752, 9973]
[7233, 9808]
[9385, 9959]
[9348, 10024]
[9246, 9789]
[9516, 9808]
[8943, 9977]
[9143, 9808]
[6112, 10060]
[8258, 9851]
[9656, 9798]
[8888, 9798]
[8404, 9959]
[6408, 9973]
[7008, 9785]
[8584, 9973]
[6966, 9924]
[9170, 9973]
[6945, 9856]
[9698, 9808]
[8697, 9808]
[9550, 9977]
[8912, 9932]
[8884, 9973]
[7022, 9973]
[6260, 10036]
[7648, 9856]
[7678, 10044]
[8398, 10072]
[7635, 9865]
[9593, 9781]
[6659, 9781]
[9309, 9808]
[6471, 9808]
[9690, 9785]
[8240, 9973]
[9429, 9883]
[7595, 9808]
[6657, 9785]
[9734, 9808]
[8432, 9808]
[9102, 10034]
[9026, 9976]
[6372, 9973]
[7307, 9781]
[6582, 9781]
[9625, 9973]
[8839, 9995]
[6733, 10005]
[6412, 9992]
[7930, 9808]
[6496, 10071]
[6690, 10004]
[6290, 9808]
[8765, 9960]
[7839, 10005]
[6952, 9973]
[9560, 9798]
[9565, 10072]
[6091, 9982]
[9163, 9808]
[7013, 10036]
[6501, 9798]
[8490, 9973]
[8757, 9781]
[8341, 9808]
[6279, 9785]
[9538, 9859]
[7560, 9959]
[8580, 10014]
[6317, 9946]
[9532, 9973]
[9108, 9885]
[7772, 9981]
[6475, 9781]
[9094, 9808]
[8372, 9903]
[9311, 9930]
[6697, 9917]
[8020, 9789]
[7657, 9990]
[6132, 10020]
[6105, 9808]
[8902, 9973]
[9730, 9932]
[8571, 9951]
[9300, 9920]
[8435, 9850]
[8779, 9950]
[7217, 9808]
[8977, 9808]
[6917, 9851]
[7691, 9920]
[9249, 9808]
[6838, 9973]
[6518, 9808]
[7038, 10072]
[7208, 9973]
[8751, 9808]
[8224, 10072]
[9205, 9808]
[7395, 9808]
[9358, 9808]
[9085, 9808]
[6485, 9951]
[8832, 10024]
[6877, 9798]
[9492, 10045]
[8115, 9973]
[8284, 9808]
[7575, 9981]
[6229, 9920]
[8494, 9808]
[8439, 9987]
[7056, 9928]
[8182, 9808]
[7874, 9808]
[6080, 9808]
[6078, 9781]
[7571, 9798]
[7891, 10072]
[8434, 9808]
[7973, 9808]
[6241, 9973]
[8577, 9981]
[8038, 9873]
[8822, 9973]
[6579, 9813]
[6749, 9781]
[7542, 9854]
[9513, 9854]
[6520, 9854]
[6196, 9854]
[9351, 9854]
[6990, 9854]
[8649, 9854]
[9324, 9854]
[7266, 9854]
[9387, 9854]
[7716, 9854]
[7283, 9854]
[9288, 9854]
[8420, 9854]
[6708, 9854]
[7547, 9854]
[9696, 9854]
[6323, 9854]
[9577, 9854]
[7162, 9854]
[8693, 9854]
[8991, 9854]
[8457, 9854]
[9204, 9854]
[6421, 9854]
[7591, 10071]
[6880, 10071]
[6390, 10071]
[6382, 9854]
[7740, 9854]
[7916, 9854]
[8151, 9917]
[9122, 9917]
[7784, 9917]
[7925, 9822]
[8248, 9822]
[7353, 9813]
[7852, 10031]
[6912, 9973]
[7603, 9817]
[8962, 10020]
[9423, 9991]
[7887, 9873]
[7318, 9916]
[9078, 10044]
[9587, 9789]
[7611, 9935]
[8714, 10022]
[9630, 9812]
[7861, 9859]
[8296, 9928]
[8196, 9798]
[6285, 10064]
[6232, 9808]
[9100, 9972]
[7699, 9981]
[8442, 9798]
[9307, 10071]
[8104, 10058]
[7918, 9993]
[7642, 9785]
[7621, 9789]
[6460, 9789]
[7089, 9859]
[7357, 9991]
[7966, 9789]
[8401, 9789]
[8791, 10053]
[8071, 10047]
[7457, 9919]
[8957, 9789]
[9169, 9797]
[7304, 9789]
[6932, 9813]
[8929, 9973]
[6915, 9925]
[6322, 10026]
[6136, 9897]
[8867, 9859]
[6327, 9810]
[9388, 10053]
[8177, 10053]
[6075, 9789]
[9198, 10047]
[9305, 10017]
[7807, 10037]
[8920, 9919]
[6128, 9919]
[7726, 9865]
[6371, 9882]
[9527, 9973]
[7152, 10036]
[6715, 9798]
[7388, 9798]
[6148, 9868]
[8660, 10005]
[6184, 10019]
[6961, 9951]
[6976, 9808]
[9155, 9808]
[6494, 9808]
[7976, 9808]
[6120, 9973]
[8758, 9973]
[9482, 9808]
[7163, 10072]
[6955, 9981]
[8232, 9919]
[9673, 9961]
[8961, 9882]
[8880, 9893]
[8769, 9893]
[6564, 9789]
[7771, 9780]
[6714, 9780]
[7917, 9859]
[6085, 9915]
[7764, 9841]
[6744, 9826]
[8199, 9859]
[7896, 9859]
[8768, 9867]
[8089, 9964]
[9314, 9994]
[7549, 9974]
[8244, 9789]
[8166, 9964]
[8893, 9802]
[7579, 9789]
[9481, 9911]
[8416, 9864]
[7097, 9982]
[6965, 9961]
[6674, 9919]
[9457, 9808]
[9158, 9975]
[6801, 10072]
[8339, 10071]
[9697, 9785]
[6687, 9973]
[6101, 9855]
[6577, 9973]
[6751, 10024]
[7696, 10071]
[8742, 9808]
[6374, 10044]
[9322, 10028]
[8898, 10062]
[6422, 10071]
[8375, 9854]
[8829, 9800]
[8933, 10071]
[9244, 10071]
[8211, 9859]
[8864, 9973]
[8452, 9798]
[8586, 10049]
[6300, 9798]
[9183, 9973]
[8624, 10036]
[7470, 9927]
[8026, 9808]
[7201, 9808]
[8969, 9995]
[8478, 9973]
[8848, 9980]
[8292, 9973]
[9295, 9859]
[7998, 9823]
[9289, 9859]
[8851, 9858]
[6832, 10001]
[9331, 10001]
[6256, 9988]
[8174, 9973]
[6864, 10005]
[7521, 9798]
[8464, 9808]
[7825, 9822]
[6995, 9822]
[6478, 9973]
[8670, 9973]
[8129, 9789]
[8111, 10044]
[6871, 9798]
[6946, 9973]
[6904, 9781]
[9648, 9876]
[6046, 9886]
[9636, 9886]
[8908, 10071]
[9045, 9813]
[6771, 9813]
[6357, 9822]
[8201, 9808]
[7923, 9808]
[7127, 9798]
[7104, 9853]
[7513, 9798]
[8200, 9973]
[8308, 9856]
[8641, 10005]
[7430, 9973]
[8965, 10023]
[7506, 9931]
[6432, 9798]
[7103, 9992]
[6489, 9977]
[8854, 9992]
[8067, 9992]
[6957, 9992]
[8135, 9992]
[6281, 9814]
[6922, 9992]
[6806, 10004]
[7479, 9992]
[7477, 9847]
[7118, 10004]
[9087, 9808]
[8923, 9887]
[6405, 9808]
[8739, 9973]
[7236, 9808]
[9049, 9905]
[7449, 9972]
[6650, 9973]
[7919, 10054]
[8350, 9808]
[6898, 10036]
[6452, 9808]
[6889, 9808]
[7335, 10070]
[7299, 9847]
[8195, 9992]
[8426, 9973]
[6743, 10004]
[6252, 9808]
[6874, 9818]
[7871, 9777]
[7458, 9992]
[9644, 9992]
[8031, 9992]
[8919, 9810]
[6302, 9992]
[8658, 9785]
[6207, 9810]
[7285, 9808]
[7985, 10004]
[6575, 9992]
[8032, 9973]
[6843, 9808]
[7702, 9992]
[8705, 10024]
[7718, 10020]
[8910, 9808]
[8403, 9808]
[9582, 10072]
[6308, 9808]
[8915, 9808]
[8479, 9781]
[7068, 9781]
[7043, 9808]
[6497, 9973]
[6705, 9808]
[6502, 10005]
[8230, 9785]
[8221, 9781]
[6841, 9973]
[9408, 9973]
[7336, 10005]
[6726, 9973]
[7061, 9808]
[6830, 9973]
[8598, 9781]
[6052, 9913]
[7505, 9808]
[7473, 9973]
[7893, 9932]
[8090, 9785]
[8270, 10054]
[6288, 9785]
[6948, 10051]
[8223, 9973]
[6474, 10005]
[8477, 9992]
[8281, 9808]
[7402, 9995]
[6410, 9785]
[7302, 10004]
[8101, 10024]
[8205, 9808]
[7092, 9808]
[9466, 9808]
[9389, 9865]
[7898, 9974]
[8547, 9808]
[8724, 9808]
[8447, 9857]
[8817, 10071]
[6456, 9792]
[9141, 9792]
[9208, 9781]
[7525, 9808]
[6388, 9808]
[8735, 9808]
[8186, 9973]
[6263, 9829]
[7601, 9835]
[8389, 9781]
[8699, 9781]
[7948, 9798]
[7107, 9876]
[8703, 9808]
[7003, 9859]
[6301, 9973]
[8385, 9973]
[9596, 9798]
[9485, 9992]
[7855, 9973]
[8708, 9810]
[7832, 9973]
[9339, 9973]
[8446, 9971]
[7055, 9808]
[8983, 9808]
[8762, 9973]
[7116, 9928]
[7028, 10051]
[7812, 9808]
[7260, 9808]
[6059, 9845]
[8654, 9808]
[8618, 9808]
[8664, 9808]
[6183, 10071]
[8353, 9798]
[9412, 9973]
[9731, 9973]
[6710, 9959]
[8006, 9973]
[7072, 9898]
[9547, 10036]
[8210, 9781]
[7804, 9973]
[6428, 9959]
[9598, 9854]
[7084, 9854]
[8437, 9808]
[8347, 10036]
[7899, 9785]
[7025, 10024]
[7447, 9808]
[8300, 9865]
[6212, 9973]
[6505, 9808]
[9216, 9808]
[8600, 9904]
[9234, 9785]
[9680, 9876]
[6320, 9808]
[8266, 9973]
[9282, 9808]
[8016, 9997]
[9114, 9808]
[8878, 10020]
[8132, 10054]
[6831, 9808]
[6722, 9977]
[6193, 9973]
[8217, 9808]
[8264, 9781]
[7322, 9865]
[8246, 10001]
[8531, 10001]
[7674, 9973]
[6695, 9808]
[8759, 9808]
[9493, 9973]
[6696, 9808]
[6940, 9973]
[8357, 9808]
[7184, 9976]
[9739, 9976]
[6147, 9976]
[9016, 9853]
[7421, 9853]
[8701, 9853]
[6306, 9785]
[6040, 10048]
[6476, 9973]
[8585, 9973]
[6777, 10044]
[6153, 9781]
[9014, 9973]
[6087, 10054]
[6916, 9932]
[9219, 9973]
[7287, 9973]
[6042, 9973]
[8015, 9973]
[9142, 9973]
[6293, 9973]
[7392, 9789]
[8826, 9785]
[8080, 9808]
[7952, 10058]
[9497, 9798]
[6221, 9786]
[7765, 9973]
[6404, 9777]
[6776, 9781]
[6814, 9976]
[6823, 10018]
[6942, 9973]
[6329, 9785]
[6563, 9808]
[7628, 9808]
[7435, 9813]
[6809, 9882]
[7843, 9950]
[8909, 9890]
[7694, 10054]
[6693, 9890]
[7110, 9998]
[8083, 9998]
[6407, 9873]
[6536, 9873]
[7073, 9928]
[8383, 9928]
[8027, 9928]
[8565, 9928]
[6472, 9894]
[9615, 9952]
[8322, 9798]
[8865, 9973]
[6941, 9781]
[6556, 9973]
[8899, 9959]
[7625, 9808]
[6548, 10048]
[9275, 10048]
[8815, 9973]
[8745, 9785]
[7654, 9792]
[9025, 10005]
[6168, 9993]
[6155, 9932]
[8143, 9862]
[7255, 9862]
[6987, 9781]
[6627, 9808]
[9110, 9808]
[7676, 9808]
[9006, 9808]
[6488, 9973]
[6975, 9808]
[7932, 9959]
[7370, 9808]
[7437, 9808]
[6853, 9779]
[7806, 9808]
[7000, 9798]
[8022, 9781]
[8488, 9808]
[7007, 9992]
[8381, 9781]
[9091, 9932]
[8424, 9919]
[7798, 10026]
[7667, 9854]
[9499, 9854]
[7327, 9915]
[6093, 9932]
[7386, 9932]
[7598, 9932]
[6759, 9856]
[8500, 10058]
[8333, 9854]
[8354, 9854]
[9472, 9854]
[6760, 9854]
[6950, 9973]
[6292, 9854]
[9347, 9854]
[6939, 9808]
[6159, 9852]
[9355, 9860]
[7754, 9785]
[7742, 9995]
[7675, 9995]
[9313, 9973]
[8491, 9973]
[9668, 9808]
[6654, 9809]
[7990, 9890]
[8644, 9851]
[6964, 10037]
[8510, 9959]
[7759, 9808]
[6330, 9798]
[7528, 9785]
[6530, 9914]
[7280, 9973]
[7419, 9785]
[7131, 9808]
[6879, 9856]
[7472, 10009]
[7969, 9865]
[8393, 9785]
[9480, 9973]
[6907, 9808]
[9637, 10036]
[8092, 10007]
[8188, 9785]
[9062, 9876]
[6868, 9873]
[7344, 9973]
[6934, 9973]
[9635, 9808]
[8008, 9785]
[9666, 9808]
[9227, 9781]
[6202, 9992]
[9529, 10005]
[6540, 9973]
[7931, 9973]
[8756, 9785]
[7520, 9792]
[6858, 9808]
[7164, 9854]
[9737, 9854]
[8396, 9854]
[9501, 9854]
[6334, 9854]
[7516, 9973]
[8861, 9854]
[8549, 9808]
[8596, 9808]
[9019, 9808]
[7132, 9959]
[7383, 9928]
[7106, 9962]
[6450, 9991]
[6785, 9872]
[7499, 9974]
[7791, 9976]
[8125, 9976]
[7873, 9976]
[6644, 9976]
[7275, 9976]
[9217, 10054]
[7689, 10054]
[6521, 9808]
[8566, 9851]
[9475, 10036]
[6578, 9973]
[8039, 9987]
[7511, 9808]
[9127, 9855]
[9568, 9973]
[8161, 9808]
[6265, 9973]
[7245, 9808]
[7093, 9854]
[7692, 9976]
[8507, 10071]
[8425, 9959]
[8545, 9973]
[9583, 10003]
[9055, 10003]
[9261, 9973]
[6296, 10005]
[6362, 9808]
[6213, 9785]
[8720, 9859]
[7490, 9800]
[7095, 9777]
[6897, 9808]
[9569, 9808]
[8754, 9920]
[9491, 9859]
[8351, 9973]
[7546, 10051]
[9063, 9798]
[9609, 9798]
[7306, 9788]
[6956, 9785]
[7561, 9808]
[8949, 9973]
[8687, 9808]
[9581, 9808]
[8857, 9781]
[9685, 9991]
[8153, 9808]
[7863, 9792]
[7819, 9785]
[7493, 9856]
[9267, 9852]
[9391, 9973]
[6647, 9798]
[9631, 9855]
[9140, 9973]
[7706, 10005]
[7172, 9808]
[6613, 9785]
[9736, 9808]
[8343, 9973]
[7680, 9875]
[6129, 9781]
[7445, 9785]
[6672, 9973]
[9662, 9973]
[7504, 9788]
[7054, 9880]
[7051, 9777]
[8602, 9822]
[7323, 9808]
[9318, 9992]
[9258, 9808]
[8605, 9808]
[8655, 9808]
[8781, 9808]
[9207, 9962]
[7867, 9962]
[7926, 9880]
[8619, 10051]
[6395, 9944]
[6480, 9973]
[6573, 9808]
[6413, 9798]
[8316, 9798]
[8989, 9931]
[9397, 9973]
[9076, 9808]
[7987, 10054]
[6799, 10005]
[7088, 9891]
[9248, 9975]
[7277, 9785]
[8185, 9808]
[6958, 10050]
[6882, 9808]
[9145, 10061]
[8123, 9854]
[6781, 9854]
[7906, 9854]
[8710, 9854]
[7719, 9854]
[6863, 9808]
[6754, 9974]
[7120, 9974]
[7126, 9974]
[9660, 9974]
[7251, 9854]
[8218, 9854]
[9136, 9854]
[9642, 9854]
[6275, 9854]
[6152, 9854]
[9533, 9854]
[9632, 9854]
[7592, 9854]
[7235, 9854]
[9494, 9854]
[6337, 9854]
[9546, 9932]
[9066, 10068]
[6824, 9991]
[7965, 9868]
[8976, 9991]
[8050, 9991]
[6592, 9918]
[9461, 9991]
[7238, 9932]
[9484, 9991]
[7113, 9991]
[8315, 9991]
[7133, 9932]
[8411, 9850]
[7879, 9850]
[7704, 9785]
[6298, 9954]
[9592, 9808]
[6240, 9808]
[7550, 10005]
[7012, 9959]
[8646, 10036]
[6893, 9808]
[7677, 9798]
[9373, 10010]
[8304, 9808]
[6598, 9973]
[8634, 9781]
[6804, 9981]
[7139, 9859]
[9005, 9959]
[8589, 10036]
[8496, 9973]
[8558, 9808]
[6499, 9885]
[6195, 10036]
[7655, 9973]
[9144, 9808]
[6304, 9973]
[8190, 10005]
[6342, 10021]
[8623, 9884]
[7027, 9787]
[8935, 9808]
[7390, 9808]
[8671, 9798]
[7240, 9808]
[7639, 9973]
[9046, 9992]
[6041, 9876]
[8431, 9789]
[7024, 9854]
[9128, 9808]
[8338, 9808]
[9443, 10071]
[8573, 9808]
[9640, 9785]
[6541, 9822]
[8952, 9822]
[7432, 9973]
[7320, 10071]
[7389, 9797]
[8480, 9876]
[9464, 9788]
[8018, 10000]
[7545, 9785]
[8853, 9808]
[8611, 10025]
[7753, 10019]
[7596, 9808]
[6228, 9808]
[7161, 9808]
[9099, 9808]
[8453, 9808]
[7518, 9995]
[8176, 9808]
[7725, 10000]
[6621, 9973]
[8805, 10054]
[8539, 9781]
[9421, 9808]
[6481, 9854]
[8162, 9865]
[7356, 9781]
[6837, 9808]
[7006, 9808]
[8784, 9808]
[6166, 9888]
[8010, 9822]
[8966, 10044]
[7544, 9981]
[9645, 9781]
[7091, 9973]
[9677, 9894]
[8512, 9992]
[9374, 9854]
[6409, 9808]
[7834, 10054]
[8486, 9808]
[7305, 9808]
[9040, 9973]
[9120, 9808]
[6670, 9859]
[9161, 9992]
[6356, 9865]
[8897, 9870]
[6652, 9781]
[6333, 9781]
[8303, 9973]
[6056, 9973]
[6262, 10002]
[6483, 9973]
[7715, 9808]
[7838, 9973]
[6453, 9808]
[9223, 9785]
[9371, 9808]
[9038, 10036]
[7146, 9808]
[8000, 9992]
[6612, 9973]
[9175, 9822]
[9440, 9854]
[9433, 9854]
[8592, 9854]
[7403, 9854]
[9193, 9854]
[6239, 9973]
[8079, 9854]
[8814, 9973]
[6312, 9854]
[8783, 9854]
[9733, 9973]
[7618, 9973]
[7732, 9822]
[8692, 9973]
[6796, 9973]
[8877, 9973]
[6797, 9931]
[9406, 9973]
[8345, 9973]
[6949, 9859]
[7957, 9798]
[7850, 10059]
[9007, 9992]
[6381, 9781]
[7823, 9785]
[9287, 9977]
[9606, 9976]
[9012, 9976]
[9687, 9973]
[7688, 9844]
[7527, 9973]
[7434, 9865]
[7738, 10036]
[8042, 9854]
[8241, 9890]
[8253, 9890]
[9264, 9890]
[8247, 9890]
[9561, 9992]
[7261, 9808]
[9688, 9982]
[7014, 10055]
[7627, 9928]
[8331, 10036]
[6487, 9808]
[8719, 9963]
[9293, 10020]
[9554, 9789]
[7180, 9781]
[9279, 9808]
[6709, 9808]
[6633, 9985]
[9418, 9785]
[9353, 9865]
[6529, 9973]
[9611, 9785]
[9453, 9808]
[6108, 9992]
[7820, 9992]
[7835, 10024]
[8302, 9785]
[8337, 9981]
[8627, 9808]
[9409, 9897]
[7568, 9808]
[6055, 9808]
[8290, 9781]
[8461, 9959]
[7355, 9986]
[7860, 9808]
[8938, 9854]
[6820, 9854]
[7609, 9854]
[6807, 9992]
[7062, 10018]
[8282, 9781]
[7396, 10036]
[6523, 9973]
[7080, 9781]
[7890, 9808]
[9192, 9810]
[7218, 9973]
[7711, 9973]
[8397, 9808]
[9197, 9822]
[9253, 9854]
[9562, 9808]
[7268, 9973]
[8628, 9840]
[6593, 9866]
[6570, 9984]
[7166, 9973]
[8802, 9984]
[7500, 9859]
[8990, 9971]
[9718, 9854]
[7729, 10000]
[7121, 10000]
[6454, 9865]
[7346, 9808]
[7903, 9973]
[8521, 9785]
[8102, 9798]
[8677, 9789]
[9126, 9808]
[8279, 9785]
[9033, 9973]
[6740, 10072]
[7848, 9973]
[7758, 9928]
[6614, 9928]
[6574, 9798]
[7956, 9851]
[7508, 9950]
[6164, 9807]
[6173, 9910]
[7773, 9879]
[7760, 9932]
[8450, 9932]
[6126, 10071]
[8894, 10071]
[7709, 9808]
[7714, 10044]
[6309, 9798]
[6160, 9973]
[7232, 9808]
[9382, 10036]
[7992, 9808]
[6881, 9972]
[7927, 9973]
[8617, 9781]
[8074, 9973]
[8052, 9930]
[7979, 9777]
[7130, 9973]
[8289, 9798]
[9254, 9798]
[7864, 9950]
[9502, 9950]
[9064, 9973]
[8528, 9856]
[9567, 9808]
[7066, 9781]
[7425, 9798]
[9302, 9808]
[9395, 9808]
[9088, 10036]
[8466, 9808]
[7870, 9808]
[7797, 9808]
[7471, 9920]
[7124, 9785]
[7994, 9973]
[7539, 9973]
[7436, 9808]
[7944, 9959]
[8587, 10019]
[7354, 10076]
[6648, 9798]
[7026, 9798]
[8744, 9890]
[8180, 9852]
[8429, 9810]
[9714, 10054]
[8262, 10054]
[9074, 10054]
[8978, 10052]
[7728, 9801]
[6847, 9777]
[8776, 9789]
[7733, 9808]
[8842, 9857]
[8362, 9808]
[9551, 9808]
[9500, 9781]
[6588, 9785]
[7683, 10024]
[6921, 9808]
[8159, 10054]
[7847, 9808]
[7616, 9959]
[6423, 10023]
[6533, 9798]
[9326, 9982]
[8804, 9920]
[8061, 10072]
[8506, 9973]
[7050, 10071]
[8106, 9808]
[6458, 9800]
[9626, 9781]
[6676, 9785]
[8833, 9808]
[8709, 10036]
[6538, 10071]
[6226, 9992]
[7991, 10036]
[9121, 9869]
[9002, 9869]
[7652, 9791]
[9470, 9808]
[6507, 10054]
[9077, 10054]
[6294, 10054]
[7192, 10071]
[9015, 10054]
[9557, 9808]
[8192, 9854]
[9683, 9808]
[7523, 9973]
[7983, 9876]
[7803, 9973]
[9612, 9827]
[6512, 9808]
[9113, 10036]
[9134, 9781]
[9602, 9785]
[7912, 9992]
[7600, 9808]
[8003, 10036]
[9417, 9992]
[9705, 9808]
[6741, 9808]
[8543, 9973]
[7319, 9822]
[8607, 9973]
[7638, 9992]
[6427, 9854]
[8509, 9854]
[6626, 9854]
[7418, 10024]
[8770, 9928]
[6601, 9854]
[8455, 9973]
[6234, 9932]
[8044, 9950]
[6604, 9854]
[9537, 9854]
[6482, 9973]
[8017, 9928]
[9704, 9804]
[9195, 9973]
[6528, 9991]
[6973, 9873]
[6230, 9859]
[8713, 9966]
[6466, 9851]
[9390, 9804]
[6857, 9808]
[7326, 9973]
[8674, 9973]
[6681, 9973]
[9210, 9973]
[8590, 9973]
[7535, 10066]
[9116, 9781]
[6363, 9785]
[7963, 9808]
[7224, 9973]
[8729, 9807]
[6399, 9808]
[9057, 9808]
[7936, 9973]
[6861, 10072]
[9268, 9859]
[7244, 9992]
[9053, 9992]
[8413, 9973]
[6246, 9932]
[8306, 9781]
[6887, 9810]
[6825, 9993]
[8156, 9992]
[7289, 9992]
[7811, 9808]
[9069, 9850]
[6661, 9781]
[8228, 9808]
[8183, 9808]
[8916, 9794]
[7271, 9808]
[6314, 9973]
[6692, 9798]
[9605, 9950]
[7828, 9992]
[9299, 9973]
[8144, 10036]
[9151, 9808]
[8514, 9808]
[7996, 10061]
[8651, 9865]
[6264, 9781]
[7487, 10036]
[7935, 9854]
[9575, 9973]
[6884, 9973]
[6959, 9973]
[8717, 9808]
[8259, 9808]
[9380, 10072]
[9086, 9808]
[8369, 9779]
[7737, 9798]
[9269, 9808]
[7294, 9973]
[7044, 9785]
[9741, 9808]
[7641, 9785]
[9415, 9808]
[6532, 9992]
[8311, 9992]
[9621, 9798]
[7605, 9965]
[6554, 9808]
[6248, 9798]
[8529, 9928]
[8979, 10005]
[7333, 9808]
[6662, 9808]
[9278, 9808]
[6909, 9808]
[8620, 9865]
[9218, 10001]
[7090, 9808]
[6545, 9808]
[7288, 9951]
[7446, 9808]
[9692, 9854]
[8823, 9973]
[8001, 10019]
[6763, 9947]
[9093, 9973]
[8530, 9781]
[8459, 9808]
[6786, 9808]
[7199, 9808]
[8043, 9808]
[8722, 9781]
[8682, 9973]
[7220, 9973]
[7219, 9973]
[9251, 9973]
[9061, 10072]
[6619, 9808]
[8114, 10036]
[9236, 9890]
[6344, 9808]
[6933, 10044]
[7782, 9973]
[7269, 9808]
[7309, 9924]
[8254, 10072]
[6783, 9785]
[9231, 9808]
[8597, 9973]
[9681, 9959]
[6305, 9808]
[6063, 9852]
[7660, 9808]
[7248, 9776]
[8068, 9808]
[6311, 9905]
[9370, 10072]
[6376, 9798]
[6848, 10067]
[8454, 9789]
[8730, 9808]
[6389, 9964]
[9675, 9808]
[7913, 9808]
[9589, 9781]
[8858, 9808]
[8046, 9808]
[8367, 9928]
[8968, 9851]
[9297, 9808]
[8886, 9982]
[7037, 9808]
[8325, 9808]
[8392, 9851]
[6953, 9808]
[9570, 9781]
[8204, 9794]
[6172, 10075]
[8094, 9973]
[7206, 9808]
[6345, 9808]
[9224, 9781]
[8179, 9808]
[8928, 10036]
[9669, 9808]
[7886, 9917]
[9364, 9808]
[6996, 9808]
[8795, 9808]
[7476, 10036]
[9041, 9973]
[8497, 9880]
[7415, 9808]
[8955, 9808]
[7034, 10072]
[8408, 10054]
[9556, 9808]
[9473, 9940]
[8980, 9781]
[7779, 9808]
[7636, 9808]
[7265, 9992]
[7247, 9992]
[8591, 9854]
[9384, 9876]
[7085, 9851]
[8996, 9856]
[7191, 9808]
[8081, 9973]
[6269, 9808]
[7884, 9808]
[9541, 9859]
[9447, 9808]
[6349, 9808]
[7079, 9854]
[8614, 9808]
[8844, 9808]
[8187, 9992]
[6083, 9808]
[9107, 9808]
[6646, 9808]
[7902, 9808]
[7339, 9808]
[9255, 9785]
[6236, 9973]
[8009, 10024]
[8689, 9992]
[9744, 9973]
[8540, 9973]
[6846, 9973]
[8118, 9950]
[7593, 10036]
[9139, 9992]
[7947, 9973]
[8998, 9973]
[7230, 9973]
[9096, 9973]
[9171, 9973]
[8668, 9785]
[8885, 9808]
[9490, 9808]
[6611, 10058]
[7078, 9973]
[6895, 9992]
[7205, 9808]
[6231, 9981]
[8335, 9808]
[6712, 9973]
[7134, 9973]
[6791, 9781]
[7109, 9865]
[6067, 9955]
[6649, 9973]
[6669, 9798]
[6402, 9808]
[7924, 10005]
[9325, 9981]
[7524, 9973]
[7159, 9822]
[6730, 10051]
[9610, 9917]
[7046, 9865]
[9573, 9856]
[8287, 9848]
[9239, 9808]
[6675, 9808]
[8483, 10024]
[8148, 9904]
[7195, 10054]
[6328, 9856]
[7687, 9973]
[8277, 9808]
[6121, 9854]
[7590, 10036]
[8741, 9973]
[8321, 10054]
[6406, 9785]
[8130, 9982]
[7647, 9973]
[6137, 9859]
[9319, 9808]
[8561, 9808]
[6655, 9973]
[7710, 9992]
[7486, 10019]
[7907, 10062]
[8349, 9854]
[9445, 9808]
[6875, 9808]
[8088, 10036]
[9535, 9808]
[9050, 9781]
[8679, 9976]
[9052, 10058]
[9444, 9973]
[6200, 10036]
[6491, 10024]
[8750, 9958]
[6701, 9973]
[7662, 10005]
[8698, 9781]
[7204, 9973]
[7147, 10054]
[8685, 9950]
[8930, 9808]
[9386, 9973]
[7443, 9928]
[7978, 9920]
[6447, 9865]
[8723, 9781]
[8904, 9992]
[8945, 9808]
[9106, 9785]
[6378, 9973]
[8214, 9973]
[9349, 10058]
[8515, 9973]
[8155, 9781]
[9702, 9873]
[9709, 10036]
[8098, 10024]
[9213, 9808]
[9522, 9808]
[6053, 9808]
[6385, 9808]
[8879, 10065]
[6684, 10024]
[9010, 9808]
[6103, 9781]
[7897, 10036]
[8037, 9850]
[7311, 9932]
[8358, 9973]
[6919, 10072]
[6211, 10005]
[8554, 9854]
[8640, 9919]
[6351, 9854]
[8593, 9808]
[6245, 9973]
[7444, 9808]
[6242, 9854]
[7883, 9808]
[7065, 9785]
[8564, 9991]
[8526, 9992]
[6141, 9798]
[6918, 9785]
[7619, 9808]
[6620, 9808]
[8122, 9973]
[8251, 9908]
[7582, 9781]
[6639, 10025]
[6901, 9950]
[8445, 10029]
[6224, 9850]
[6637, 10041]
[6991, 9959]
[8334, 9808]
[8926, 9890]
[6773, 9950]
[6461, 9808]
[9411, 9991]
[7921, 9876]
[9722, 10072]
[6259, 9808]
[9352, 9808]
[6983, 10019]
[8718, 9781]
[7723, 9808]
[9290, 10054]
[6106, 9973]
[8121, 9981]
[9713, 9973]
[9003, 9973]
[6424, 10044]
[6727, 9851]
[8169, 9973]
[9503, 9973]
[6631, 9931]
[9202, 9785]
[6584, 9973]
[8352, 9789]
[8535, 9789]
[6553, 9789]
[9506, 9789]
[7136, 9859]
[6910, 9880]
[8344, 9808]
[6185, 9959]
[9650, 9928]
[6764, 9928]
[8388, 10029]
[6064, 9781]
[9495, 9808]
[6109, 9959]
[6986, 9781]
[8409, 9851]
[6203, 10024]
[9238, 9876]
[6086, 9808]
[6316, 9808]
[6555, 9794]
[7815, 9928]
[6079, 10058]
[6225, 9959]
[6336, 9973]
[8329, 9785]
[8054, 9808]
[8579, 9781]
[7971, 9808]
[9543, 9798]
[8382, 9792]
[6802, 9808]
[8237, 9884]
[8391, 9928]
[7946, 9928]
[8467, 9928]
[6591, 9928]
[8673, 9928]
[6560, 10025]
[7722, 9798]
[7570, 9808]
[6547, 10042]
[7058, 10042]
[8712, 10042]
[6119, 9890]
[9051, 10054]
[8731, 10056]
[8170, 10054]
[7069, 10004]
[9608, 9973]
[6391, 9808]
[6178, 9966]
[7114, 9808]
[8035, 9973]
[6833, 9781]
[6068, 9937]
[7076, 9798]
[8365, 9785]
[9013, 9808]
[6110, 9808]
[8690, 9798]
[9603, 9800]
[6254, 9973]
[6607, 9819]
[6769, 9973]
[7174, 9973]
[7977, 10020]
[6165, 9808]
[8777, 9931]
[6261, 9779]
[9344, 9808]
[8328, 9808]
[8110, 9982]
[8323, 10062]
[7153, 9854]
[7325, 9973]
[7440, 10020]
[9131, 9798]
[8603, 9904]
[6859, 9781]
[7491, 9808]
[7274, 9988]
[6968, 9808]
[8956, 9973]
[8412, 9808]
[6761, 9859]
[7537, 9992]
[9084, 9854]
[9729, 9991]
[8825, 9950]
[9518, 9932]
[7243, 9849]
[7021, 9854]
[7617, 9973]
[8532, 9851]
[6927, 9854]
[8495, 9838]
[9034, 9781]
[7608, 9808]
[6925, 9973]
[9520, 9808]
[8456, 9854]
[7290, 9781]
[6989, 9785]
[8544, 9808]
[6902, 10062]
[9376, 9781]
[8599, 9992]
[6484, 9781]
[7213, 9973]
[8937, 9950]
[7475, 9808]
[8430, 9959]
[6135, 9973]
[7904, 9798]
[8672, 9959]
[8707, 9808]
[9523, 9973]
[9312, 9785]
[6664, 10024]
[9306, 9959]
[9695, 9890]
[9658, 9973]
[9024, 9908]
[7960, 9808]
[7933, 9865]
[8948, 9785]
[9588, 9973]
[7461, 9781]
[6210, 9788]
[9436, 9798]
[6069, 9777]
[9657, 9973]
[6531, 10005]
[6947, 9973]
[7530, 9808]
[6677, 9973]
[7814, 9914]
[9574, 9785]
[9678, 9781]
[6416, 9973]
[8034, 10036]
[7036, 9834]
[6766, 9808]
[7817, 9781]
[8774, 9973]
[6335, 9803]
[7577, 9959]
[6070, 9808]
[7363, 9781]
[7975, 9920]
[9540, 9854]
[9407, 9992]
[9047, 9973]
[8175, 9959]
[8609, 9798]
[6307, 9865]
[8470, 9781]
[8213, 9992]
[6445, 9808]
[8108, 9781]
[8578, 9816]
[6490, 9789]
[9548, 9781]
[6495, 9781]
[9338, 9973]
[7954, 9808]
[6219, 9781]
[7567, 9808]
[9042, 9808]
[6931, 9932]
[9549, 9932]
[8275, 9932]
[8538, 9808]
[8694, 9962]
[7502, 9808]
[6589, 9928]
[9514, 9808]
[7584, 9808]
[6812, 9808]
[9036, 9955]
[6694, 10040]
[7626, 9808]
[8734, 9854]
[9601, 10024]
[7768, 9973]
[7950, 9781]
[9515, 10007]
[6268, 9976]
[7310, 9808]
[8326, 9973]
[8984, 9973]
[6370, 9973]
[7986, 9808]
[7572, 9810]
[6118, 9810]
[8233, 10037]
[6062, 9920]
[6524, 9973]
[9177, 9920]
[6608, 9971]
[6379, 9920]
[7789, 9804]
[7316, 9973]
[6827, 10036]
[6605, 9920]
[8626, 10001]
[6508, 9795]
[6913, 9973]
[7071, 9785]
[8410, 9859]
[8007, 9785]
[7293, 9973]
[9178, 9973]
[6755, 9973]
[7454, 9781]
[6784, 9800]
[7624, 9973]
[8635, 9865]
[7345, 10054]
[6748, 10036]
[8859, 9973]
[9526, 10071]
[7785, 9993]
[6599, 9973]
[6436, 9973]
[7341, 9973]
[7321, 10054]
[7005, 9992]
[7292, 10054]
[7129, 9808]
[6724, 9808]
[9671, 9899]
[7171, 10054]
[6218, 9781]
[7465, 9808]
[6313, 9950]
[8222, 9993]
[8085, 9950]
[8255, 9808]
[9451, 9973]
[8806, 9808]
[6493, 9932]
[8002, 9808]
[7256, 9854]
[7630, 9854]
[6565, 10036]
[9189, 9993]
[7551, 9808]
[7229, 9792]
[9285, 9808]
[9117, 9991]
[7237, 10020]
[8073, 10003]
[7060, 10003]
[8647, 10003]
[6081, 10003]
[8616, 10003]
[6994, 10003]
[8662, 10003]
[6723, 9856]
[9379, 9798]
[9167, 9973]
[7063, 9850]
[6849, 10037]
[6315, 9919]
[7755, 9919]
[7150, 9919]
[6171, 9920]
[6130, 9800]
[7727, 10036]
[9281, 9808]
[9449, 10036]
[6076, 10036]
[9579, 9950]
[9393, 9950]
[6810, 9805]
[8981, 9798]
[7613, 10005]
[7585, 9992]
[8263, 9991]
[9095, 9973]
[8499, 9973]
[6180, 9973]
[9199, 9973]
[6729, 9822]
[9296, 9822]
[7143, 9822]
[8045, 9822]
[6943, 9923]
[8881, 9788]
[9627, 9974]
[8925, 9783]
[6431, 10062]
[6549, 10015]
[6506, 9976]
[6419, 9976]
[7794, 9976]
[7324, 9833]
[9679, 10063]
[9336, 9808]
[6340, 10071]
[8387, 9854]
[8847, 9856]
[9430, 9808]
[6209, 9973]
[9237, 9808]
[8987, 9808]
[8056, 9973]
[8239, 10051]
[9375, 10051]
[8193, 10036]
[7198, 9785]
[8236, 9808]
[7752, 9973]
[6131, 9973]
[6720, 9808]
[7695, 10072]
[6190, 10018]
[6872, 9865]
[8816, 9822]
[6398, 9992]
[6162, 10051]
[8119, 9981]
[6679, 9959]
[9221, 9854]
[7222, 9808]
[6094, 9808]
[7086, 10024]
[7532, 9808]
[7460, 9779]
[6417, 9808]
[9340, 9785]
[9330, 9856]
[7207, 10024]
[7522, 10072]
[8793, 9785]
[9097, 10051]
[9109, 10035]
[9738, 10072]
[6865, 9808]
[7438, 9785]
[9607, 9808]
[9528, 10001]
[7646, 9973]
[6782, 9993]
[8811, 10001]
[8764, 9953]
[6291, 9808]
[9586, 9854]
[9694, 9954]
[7064, 9964]
[8100, 9973]
[7705, 10024]
[8469, 9854]
[9486, 9857]
[7602, 9857]
[8386, 9798]
[6380, 9890]
[9044, 9890]
[6878, 9890]
[6170, 10054]
[7763, 10030]
[8903, 10044]
[6122, 9854]
[7494, 9973]
[7622, 9973]
[8546, 9964]
[7375, 9964]
[6144, 9822]
[9404, 9781]
[6319, 9991]
[7666, 9991]
[6862, 10051]
[8191, 10051]
[6774, 10024]
[9226, 9973]
[7672, 9822]
[7111, 9973]
[7612, 9973]
[7178, 9981]
[8665, 9808]
[8820, 9808]
[6818, 9808]
[6544, 9950]
[6803, 9976]
[7422, 9781]
[9496, 9808]
[6686, 9834]
[8481, 9992]
[7468, 9992]
[8013, 9859]
[8810, 9798]
[6930, 9981]
[6253, 9976]
[6707, 9808]
[8107, 9973]
[8519, 10048]
[8974, 9950]
[7911, 10044]
[8260, 10072]
[9165, 9973]
[6632, 9959]
[9101, 10072]
[8638, 9973]
[8747, 9808]
[9083, 9973]
[9717, 9808]
[8012, 9781]
[8440, 9810]
[7004, 9973]
[6597, 9897]
[7148, 9973]
[6346, 9798]
[8265, 9808]
[8780, 9798]
[8518, 9808]
[8492, 10003]
[8051, 9976]
[8438, 9973]
[8299, 9914]
[6929, 9973]
[7841, 9854]
[9180, 9932]
[9181, 10052]
[8527, 9992]
[6834, 9943]
[9203, 9854]
[8834, 9854]
[8298, 9854]
[7048, 9854]
[6935, 9856]
[7175, 9854]
[8238, 9854]
[6581, 9808]
[8109, 9808]
[9584, 9973]
[9701, 9854]
[8502, 9959]
[7757, 9992]
[7380, 9777]
[8231, 9973]
[7343, 9973]
[8959, 9808]
[9712, 9798]
[7749, 9798]
[9719, 9992]
[6435, 9973]
[6163, 10036]
[6758, 9792]
[6465, 9973]
[9483, 9973]
[7767, 10020]
[7347, 9974]
[7901, 9868]
[6220, 9973]
[9715, 9808]
[6566, 9973]
[7816, 9973]
[6600, 9808]
[8732, 9779]
[7416, 9808]
[7829, 10037]
[6525, 9785]
[9147, 9854]
[9328, 9808]
[7117, 9905]
[7777, 9991]
[9125, 10054]
[9032, 10036]
[8567, 10036]
[7203, 9973]
[7480, 9781]
[8267, 9973]
[8971, 9785]
[8921, 9808]
[6065, 9808]
[8922, 9798]
[6189, 9905]
[6668, 10036]
[9723, 10024]
[7049, 9854]
[7002, 9977]
[7955, 9808]
[9243, 9777]
[7286, 9777]
[7249, 9781]
[7914, 9856]
[6339, 9973]
[8024, 9781]
[8575, 9781]
[8146, 9808]
[9699, 9808]
[7352, 9808]
[6179, 9973]
[7656, 9792]
[6358, 9854]
[6699, 9785]
[6998, 9971]
[8414, 9973]
[7020, 9781]
[8896, 10036]
[6394, 9808]
[8678, 9808]
[6905, 9808]
[9320, 9854]
[8895, 9854]
[8766, 9854]
[6187, 9915]
[6558, 9973]
[7862, 9973]
[6366, 9932]
[6444, 9973]
[8721, 9973]
[9350, 9880]
[7400, 9880]
[8472, 9822]
[7720, 9973]
[8149, 9854]
[9152, 9932]
[7096, 9932]
[7015, 9932]
[7039, 9991]
[6303, 9854]
[8725, 9959]
[8850, 10020]
[7384, 9854]
[9525, 9854]
[7597, 9854]
[9335, 9854]
[8537, 9854]
[7188, 9973]
[6443, 9781]
[7179, 9879]
[6048, 10056]
[8225, 9992]
[8261, 9973]
[6580, 9808]
[9659, 9808]
[7348, 9808]
[8417, 9959]
